   9.65762138E-03
  0.317630529    
  0.416967392    
  0.974262714    
  0.434770823    
  0.195635796    
   5.30562401E-02
  0.719060421    
  0.251764774    
  0.411033392    
  0.241563559    
  0.959803104    
  0.411237001    
  0.661984205    
  0.971657515    
  0.650038481    
  0.198339939    
  0.499561548    
  0.134912968    
  0.483320951    
  0.177692413    
  0.477526903    
  0.797177076    
  0.158634424    
  0.169942856    
  0.230111361    
  0.484675169    
  0.935999393    
  0.343206167    
  0.269193411    
  0.335904598    
  0.552380800    
  0.866994143    
  0.571209908    
  0.325045347    
   4.10349369E-02
  0.675992727    
  0.410539627    
  0.940133572    
  0.827919483    
  0.845984697    
  0.467053175    
  0.762934446    
  0.641100168    
  0.973921061    
  0.694379330    
  0.437242031    
  0.728596449    
  0.524098873    
  0.531674385    
  0.854555845    
  0.520998001    
  0.413650990    
  0.235040903    
  0.332984447    
  0.469885111    
  0.362450600    
  0.707857370    
  0.962797403    
  0.736380100    
  0.341915846    
  0.581252098    
  0.104283094    
  0.686649323    
  0.516366005    
  0.567229033    
  0.422321796    
  0.964392185    
  0.541084290    
   6.35862350E-03
  0.872554779    
   3.14104557E-02
  0.918941498    
  0.650723219    
  0.708283663    
  0.126147985    
  0.169262886    
  0.803635836    
  0.708599329    
  0.432410479    
  0.526548386    
  0.700873375    
  0.580743313    
  0.553841591    
  0.416960478    
  0.856577635    
  0.501050472    
  0.158406019    
  0.331022501    
  0.498111486    
  0.762479782    
   1.13940239E-03
  0.152816057    
  0.379748344    
  0.434160709    
  0.941245079    
  0.507670641    
  0.424129009    
  0.337513924    
  0.596955538    
   3.31058502E-02
  0.410032511    
  0.420066357    
   5.63864708E-02
  0.690451622    
  0.422036409    
  0.168667078    
  0.788332701    
  0.511103868    
  0.124466896    
  0.915177584    
  0.393131018    
  0.356468678    
  0.170051813    
   6.40254021E-02
   7.68816471E-02
  0.153122663    
  0.535369158    
  0.952100039    
  0.947241068    
  0.282075405    
  0.841774225    
  0.701507568    
  0.237886906    
  0.165342808    
  0.917377472    
  0.365267277    
   4.99329567E-02
  0.225551367    
  0.843787909    
  0.546477079    
  0.640418291    
  0.513463497    
  0.781227589    
   9.53443050E-02
  0.453065872    
  0.680433989    
   5.57260513E-02
  0.588292837    
  0.440363646    
  0.194024563    
  0.974491835    
  0.284334898    
  0.819027662    
  0.398489714    
  0.418099880    
   5.59782982E-03
   8.49719048E-02
  0.123985529    
  0.826953650    
  0.613672256    
  0.991403580    
  0.522014618    
  0.500383854    
  0.954097509    
  0.518138885    
  0.362803936    
  0.647116899    
   9.63878632E-02
  0.992076874    
  0.836729527    
  0.916844845    
  0.413685322    
  0.810912848    
   1.49736404E-02
  0.665097713    
  0.297807693    
  0.253953457    
  0.198686600    
  0.326285839    
  0.886647701    
  0.890089750    
  0.742259264    
  0.153012991    
  0.692439318    
  0.828361511    
  0.272786617    
  0.724960327    
  0.411010027    
  0.849188566    
  0.312794447    
  0.138408661    
  0.237620354    
  0.686209917    
  0.131231785    
  0.616505861    
  0.616981506    
  0.609606266    
  0.654983044    
  0.301037312    
  0.537713289    
  0.349549770    
  0.885873079    
  0.870869875    
  0.710918665    
  0.410304308    
  0.987433672    
  0.799555540    
  0.133615494    
  0.676575184    
  0.202446699    
  0.523004532    
  0.137546539    
  0.747989893    
  0.466770649    
   1.61945820E-02
  0.183364630    
  0.812377930    
  0.637467146    
  0.911148071    
  0.668333530    
  0.682097197    
   7.70545006E-03
  0.508637428    
  0.671452522    
  0.102640867    
   8.88834000E-02
  0.864775181    
  0.277417660    
  0.560026169    
  0.362398624    
  0.834458113    
  0.740253925    
  0.449239016    
  0.363143444    
  0.355858564    
  0.915966272    
  0.648613691    
  0.250557661    
  0.126226902    
  0.499213457    
  0.283050537    
  0.232210636    
  0.766628504    
  0.728736401    
  0.873324394    
  0.966465712    
  0.392908335    
  0.613797188    
   8.97705555E-02
  0.776082516    
  0.621344328    
  0.934218168    
  0.405997753    
  0.605046272    
   1.43933296E-02
  0.909950972    
  0.547927618    
   2.25248337E-02
  0.576351166    
  0.734282255    
   8.46858025E-02
  0.316387892    
  0.531377554    
  0.865143538    
  0.471065283    
  0.197882414    
  0.813488007    
  0.293159962    
  0.142131567    
  0.808033705    
  0.625612497    
  0.673223257    
  0.864210129    
  0.781989098    
  0.891645908    
  0.893586874    
  0.516750574    
   2.90238857E-02
  0.807875395    
  0.965030670    
  0.270606041    
   7.93247223E-02
  0.210991621    
  0.136520386    
  0.499235392    
  0.652423859    
  0.289659977    
  0.315414906    
  0.180362463    
  0.355861425    
  0.964223862    
  0.710615158    
  0.312974453    
  0.162940502    
  0.541999340    
  0.385393381    
  0.309314251    
  0.646472692    
  0.270374775    
  0.189720869    
  0.640275717    
  0.114258528    
  0.346121311    
  0.261404037    
  0.420524120    
  0.752736330    
  0.241320372    
  0.873013973    
  0.745948792    
  0.163629770    
  0.128469467    
  0.188472033    
  0.652504683    
  0.647777557    
  0.199329138    
  0.127528429    
  0.371904135    
  0.595699072    
  0.917177916    
   1.22706890E-02
  0.236123323    
  0.526600599    
  0.578318834    
  0.808323145    
  0.488934040    
  0.517850876    
  0.522632837    
  0.891266584    
  0.518508196    
  0.569889545    
  0.135355473    
  0.921815395    
  0.953055143    
  0.999953985    
  0.228562593    
  0.451760292    
  0.738996506    
  0.315146208    
  0.666175365    
  0.411962748    
  0.859224319    
  0.983722925    
  0.432573080    
  0.255939960    
  0.583723783    
  0.647621632    
  0.576798916    
  0.261637211    
  0.340095282    
  0.981642962    
  0.476360798    
  0.197483301    
  0.102720737    
  0.427489996    
  0.824983597    
  0.500515223    
  0.161290169    
  0.805150986    
  0.175769329    
  0.157321930    
  0.112682819    
  0.861804962    
  0.359394550    
  0.344295979    
  0.586059332    
  0.901426077    
  0.270867348    
  0.470348120    
  0.144718170    
  0.280564547    
  0.449001789    
  0.374810219    
  0.435945272    
  0.932565212    
  0.624085188    
   8.38041306E-04
   8.69557858E-02
  0.468701363    
  0.465605021    
  0.425203562    
  0.397471428    
  0.303043365    
  0.251285791    
  0.364156246    
  0.376239300    
  0.457655191    
  0.811846495    
  0.707658052    
  0.610254526    
  0.551762104    
  0.468073845    
  0.917490721    
  0.266628981    
  0.234797955    
  0.249341488    
  0.682787895    
  0.617435694    
  0.242022514    
  0.673660278    
  0.212137699    
  0.402067423    
  0.549284458    
  0.825645685    
  0.627405167    
  0.802373409    
  0.492611647    
  0.324027300    
  0.928561211    
  0.329150915    
   3.94802094E-02
  0.546931028    
  0.271809340    
  0.300690651    
  0.708030939    
  0.876531124    
  0.860292435    
  0.936553001    
  0.649416685    
  0.748469830    
  0.534841776    
   8.58488083E-02
  0.864725113    
  0.436325550    
  0.325472355    
  0.214027643    
  0.163430452    
  0.778016329    
  0.124443531    
  0.525283575    
  0.443601370    
  0.610527515    
  0.137779713    
  0.665791988    
  0.968137264    
  0.484432220    
  0.852904320    
  0.763754129    
  0.416551113    
  0.975579023    
  0.556950569    
  0.669894934    
  0.924484491    
  0.813608170    
  0.313145876    
   4.52513695E-02
  0.541692257    
  0.224662066    
  0.897199392    
  0.230201483    
  0.997433901    
  0.875069618    
  0.295933247    
  0.753192902    
  0.915224075    
  0.173506260    
  0.120862246    
  0.332333326    
  0.527329683    
  0.830891371    
  0.792550564    
  0.401096582    
  0.231883764    
  0.271163464    
  0.445422411    
  0.217422724    
  0.227382660    
  0.623512983    
  0.385055542    
  0.630469322    
  0.301244974    
   2.61685848E-02
  0.819396734    
  0.601740360    
  0.452822208    
  0.584417582    
  0.307385683    
  0.231263638    
  0.848670006    
  0.599885464    
  0.275775909    
  0.966948271    
  0.501942635    
  0.152234554    
  0.609387398    
  0.974820614    
  0.813070059    
  0.269478798    
  0.132616043    
  0.878893614    
  0.568519592    
  0.109214544    
  0.569950342    
  0.155702829    
  0.897868872    
  0.485725641    
  0.593603134    
  0.691605568    
  0.817759514    
   8.67462158E-02
  0.944878578    
  0.576493502    
  0.128885269    
  0.175572872    
  0.854398489    
  0.877641678    
  0.525705576    
  0.537469387    
  0.250927210    
  0.335449219    
  0.897268295    
  0.388731003    
  0.404675007    
  0.375308752    
  0.816311836    
  0.754579782    
  0.224617004    
  0.140999794    
  0.786035538    
  0.899992943    
  0.182022810    
  0.259920120    
  0.478691578    
  0.370316267    
  0.906832933    
  0.143537521    
  0.435341597    
  0.789598465    
  0.782189369    
  0.258878708    
  0.974633217    
  0.661782503    
  0.579082966    
  0.649634123    
  0.403274775    
  0.840375423    
  0.192839384    
   5.52315712E-02
  0.277455807    
  0.200058937    
  0.391175032    
  0.482101917    
  0.689392567    
  0.621147394    
  0.626442194    
  0.617527962    
  0.793647051    
  0.829386473    
  0.500894785    
  0.542622089    
  0.850704908    
  0.798090219    
  0.504837513    
  0.805680990    
   8.08470249E-02
  0.798804998    
  0.516435862    
  0.741411448    
  0.905139208    
  0.675275803    
  0.361726761    
  0.542220354    
  0.100320578    
   8.81366730E-02
  0.313548565    
  0.811194658    
  0.748768806    
  0.559331656    
  0.688147783    
  0.703547716    
  0.527769804    
  0.228054762    
  0.916854382    
  0.571817160    
  0.531922340    
   2.05087662E-02
  0.691013098    
  0.859839439    
  0.324313164    
  0.735157013    
  0.787889957    
   7.05275536E-02
  0.360052347    
  0.401734829    
  0.960810661    
  0.347257376    
  0.357854605    
  0.465122700    
  0.317366600    
  0.984315395    
  0.391040802    
  0.226017952    
  0.685817719    
  0.541734219    
  0.928863049    
  0.404300928    
   8.58819485E-02
  0.419004202    
  0.205557346    
  0.805600643    
  0.733670712    
  0.804718494    
  0.905510664    
  0.918253183    
   8.22615623E-02
  0.573655605    
  0.430803776    
  0.521911621    
  0.772094488    
  0.595879555    
  0.950443983    
  0.112821341    
  0.190846443    
  0.558230162    
  0.176522732    
  0.820168257    
  0.570840359    
  0.116167545    
  0.430642843    
  0.816946268    
  0.418680906    
  0.773211956    
  0.374548197    
   3.46925259E-02
   7.89494514E-02
  0.903884888    
  0.595349312    
   3.77902985E-02
  0.142759562    
  0.361141443    
  0.705296040    
  0.912092209    
  0.536696196    
  0.255984545    
  0.334327459    
   4.22689915E-02
  0.416434765    
   1.98397636E-02
  0.447533607    
  0.700326204    
  0.384367943    
   7.58838654E-02
  0.383115292    
   1.90608501E-02
  0.358729362    
  0.166511059    
  0.554739714    
  0.512555361    
  0.520801544    
  0.113764286    
   3.66613865E-02
  0.171750069    
  0.604211330    
  0.982769728    
  0.413411617    
  0.211950541    
  0.253753901    
  0.843248129    
  0.472686291    
  0.438836336    
  0.525779724    
  0.780727386    
  0.686262608    
   1.89065933E-02
  0.763974905    
  0.128230095    
  0.166219234    
  0.647817612    
  0.870909929    
  0.385128975    
  0.864601851    
  0.363519430    
  0.673820257    
  0.900049448    
  0.134640694    
  0.907955170    
   2.90369987E-03
  0.805723906    
  0.802203417    
  0.636738062    
  0.658982754    
  0.524070978    
   6.14113808E-02
  0.143479586    
  0.464003086    
  0.503174067    
  0.850046396    
  0.732355356    
  0.700030804    
  0.418208122    
  0.824719906    
   7.07588196E-02
  0.247050047    
  0.170367479    
  0.366500139    
  0.769877672    
  0.337384462    
  0.420849085    
  0.214188099    
  0.861407042    
  0.668185234    
  0.191558599    
  0.526611328    
  0.760587215    
  0.191871166    
  0.781282663    
   2.07734108E-02
  0.138824940    
  0.231756926    
  0.140575171    
  0.650280714    
  0.269351006    
  0.984668970    
  0.332937717    
  0.687843084    
  0.580507994    
  0.601642370    
  0.807014942    
  0.502948999    
   6.41810894E-02
  0.695021391    
  0.226314783    
  0.672592402    
  0.263432026    
  0.505638123    
  0.260759354    
  0.583147287    
  0.957511902    
  0.905938387    
  0.110435963    
  0.100356102    
  0.685382366    
  0.225237370    
  0.564541817    
  0.257636070    
   9.27529335E-02
  0.901574850    
  0.772300243    
   5.20434380E-02
  0.695376873    
  0.201129198    
  0.382354498    
  0.234107494    
  0.648001194    
  0.957911730    
  0.624133110    
  0.805467129    
  0.486954927    
  0.251876116    
  0.285668135    
  0.224881887    
  0.591417789    
  0.960036278    
  0.332827091    
  0.827640295    
  0.152871132    
  0.306241751    
   9.05895233E-03
  0.254891872    
  0.968937874    
  0.942461014    
  0.944950581    
  0.785667658    
  0.717153311    
  0.197851896    
  0.299780607    
  0.415821791    
  0.719993353    
  0.930674553    
  0.849683285    
  0.630151033    
  0.949691057    
  0.459703207    
  0.234159470    
  0.521283150    
  0.207388401    
  0.577194214    
  0.904487371    
  0.720839739    
  0.155805111    
  0.618034601    
  0.307719469    
  0.842973709    
  0.862751245    
  0.261637688    
  0.345268488    
  0.928121090    
  0.931478739    
  0.365220547    
  0.261864662    
  0.159512043    
  0.921474934    
  0.230093002    
  0.176214457    
  0.637155294    
  0.670642614    
  0.491544008    
  0.380776644    
  0.713970184    
  0.697535276    
  0.476123810    
  0.215802193    
  0.989927292    
  0.708612442    
  0.653067112    
  0.102947235    
  0.237327337    
  0.762562752    
  0.393333197    
  0.752259731    
  0.232487202    
  0.412878036    
  0.241272211    
   6.25307560E-02
  0.955684185    
  0.187674046    
  0.238107681    
  0.878900051    
  0.677086830    
  0.801411629    
  0.326979637    
  0.550332785    
  0.444986343    
  0.887558460    
  0.196519375    
  0.902957916    
   1.75013542E-02
  0.146598577    
  0.885697603    
  0.920406818    
  0.280166388    
  0.759890079    
  0.474199772    
  0.878723621    
  0.709961653    
  0.326708555    
  0.992834568    
  0.570968151    
  0.262705803    
  0.299796820    
  0.688664675    
  0.390363693    
  0.843416929    
  0.310582399    
  0.961581707    
  0.304844856    
  0.529113770    
  0.815918922    
  0.152583361    
  0.471126556    
  0.226619720    
  0.798050404    
  0.834735870    
  0.408722401    
  0.397555351    
  0.715859413    
  0.452801466    
  0.236918926    
  0.898054123    
  0.599352837    
  0.324162483    
  0.201776981    
  0.268943787    
  0.138943672    
  0.229649067    
  0.712519169    
  0.310114622    
   9.90779400E-02
  0.206733704    
  0.577146053    
   9.63363647E-02
  0.128836155    
  0.350235224    
  0.405411959    
  0.762784243    
  0.117393494    
   3.56810093E-02
  0.690973759    
  0.198401690    
  0.539686203    
  0.506957054    
  0.430640697    
  0.780225039    
  0.243379116    
  0.473040104    
  0.388129234    
  0.290814638    
  0.722447157    
  0.170545578    
  0.362097740    
  0.779054165    
  0.563691854    
  0.969393730    
  0.603678226    
   2.26883888E-02
  0.324353695    
  0.413992882    
  0.981020212    
   9.35888290E-03
  0.296545029    
   3.36062908E-02
  0.823755264    
  0.856133938    
   4.68015671E-02
  0.597475529    
  0.775081873    
  0.804010630    
   8.90493393E-03
  0.667243719    
  0.366968632    
  0.643573046    
  0.534532309    
  0.888427496    
  0.803459406    
  0.742303610    
  0.900712967    
  0.286567211    
  0.338422775    
  0.871789932    
  0.175753832    
  0.895835161    
  0.303643227    
  0.332385302    
  0.399836779    
   5.81269264E-02
  0.940685034    
   9.37538147E-02
  0.721812010    
  0.498132706    
  0.120371819    
   9.26535130E-02
  0.228594542    
  0.991631269    
  0.347160339    
  0.725876570    
  0.810925722    
  0.228766680    
  0.882856369    
  0.168394089    
  0.199607372    
  0.801311016    
  0.634378672    
   4.42886353E-03
  0.437560558    
   8.21774006E-02
  0.158851385    
  0.818690062    
  0.725397110    
  0.753146172    
  0.131303549    
  0.822494745    
  0.669369698    
  0.100519180    
  0.429761410    
   2.95186043E-03
  0.615612268    
  0.595596075    
  0.186689377    
  0.691934347    
  0.343332767    
  0.395931005    
  0.414454699    
  0.742634058    
  0.453842878    
  0.740304232    
  0.294338226    
  0.945044994    
  0.374154568    
  0.415861607    
  0.387676477    
  0.682456732    
   5.09305000E-02
  0.990205526    
  0.388249159    
  0.305807352    
  0.704457998    
  0.828008652    
  0.342363119    
   9.75327492E-02
  0.233722210    
  0.170373678    
  0.471412659    
   3.39279175E-02
  0.226728439    
  0.625867605    
  0.959005594    
   9.29975510E-03
  0.301265717    
  0.373088121    
  0.494931698    
  0.318857431    
   3.72200012E-02
  0.557750225    
  0.111238003    
  0.577966452    
  0.884974718    
  0.771667004    
  0.407774210    
  0.463537216    
  0.671467304    
  0.353131771    
   8.73305798E-02
  0.768717289    
  0.833539963    
  0.308226824    
  0.370116234    
  0.544444799    
  0.484381914    
   1.00042820E-02
  0.143970966    
  0.723350763    
  0.356370687    
  0.525481224    
  0.765527248    
  0.219318151    
   8.36014748E-02
   9.02373791E-02
  0.620358467    
  0.367946625    
   8.13903809E-02
  0.929422855    
  0.813897610    
  0.179339647    
  0.164247274    
  0.507268190    
  0.658537865    
   4.96377945E-02
  0.264525414    
  0.881412983    
  0.911211967    
  0.742893934    
  0.820409060    
  0.618443012    
  0.171750546    
  0.613149166    
  0.198923826    
  0.314689636    
  0.990401030    
  0.673938990    
  0.894638777    
  0.197637796    
  0.702342987    
  0.282275200    
  0.200014591    
  0.645635128    
  0.192403316    
  0.726400137    
  0.609580278    
  0.219406366    
  0.565438271    
  0.323506594    
  0.176457644    
  0.725274801    
  0.697354794    
  0.442803144    
  0.194487095    
  0.745966911    
  0.466432095    
  0.325492620    
  0.558387756    
  0.826108694    
  0.412193060    
  0.730248213    
  0.283729792    
  0.647799730    
  0.573640823    
  0.185322046    
  0.707648754    
  0.455558538    
  0.575841665    
  0.173275232    
  0.238982916    
  0.589414358    
  0.287520885    
  0.365457296    
  0.242794275    
  0.644677877    
  0.102241278    
  0.371596813    
  0.428127527    
  0.541036129    
  0.196947813    
  0.102967262    
  0.573383808    
  0.863647699    
  0.330262899    
  0.730274439    
  0.724894285    
  0.301379681    
  0.290047646    
  0.834608316    
  0.264054537    
  0.965932846    
  0.433813095    
   9.85004902E-02
  0.498083591    
  0.293265581    
  0.916126966    
  0.346934319    
  0.928389311    
  0.439976215    
  0.681147099    
   4.17947769E-02
  0.447758675    
  0.480094671    
  0.953765154    
  0.933053970    
  0.840277910    
  0.554670811    
  0.354644060    
  0.505045891    
  0.306345463    
  0.749643326    
  0.258974791    
  0.592594147    
  0.731800795    
  0.378551006    
  0.308706999    
  0.439799309    
  0.710883379    
  0.820438623    
  0.115879059    
  0.582027197    
  0.131822586    
  0.542658806    
  0.467532396    
  0.817324877    
  0.782701015    
  0.857178211    
  0.597896576    
  0.848116159    
  0.290818214    
  0.785206795    
  0.972068787    
  0.561176538    
  0.694462061    
  0.824168682    
  0.803108931    
  0.854455709    
  0.838852882    
  0.602231979    
  0.716325521    
  0.284179688    
  0.209246397    
  0.807655573    
  0.267360687    
  0.532606602    
  0.521984339    
  0.993712664    
  0.329230785    
  0.385185242    
  0.811913252    
  0.828934193    
  0.897624016    
  0.370667696    
  0.813824177    
  0.946827412    
  0.330295086    
  0.269918203    
  0.518462420    
  0.799555540    
  0.133944035    
  0.201162338    
  0.937870264    
  0.786309958    
  0.513770580    
  0.944275618    
  0.442644596    
  0.528512716    
  0.713813782    
   6.94794655E-02
  0.744554281    
  0.726635695    
  0.568877935    
  0.134125710    
  0.253094196    
  0.756045580    
  0.859726429    
  0.425964832    
  0.192340612    
  0.672149181    
  0.811828613    
  0.404480219    
   9.94174480E-02
  0.912791014    
  0.279263258    
  0.580247641    
  0.225668907    
  0.820454836    
  0.387939453    
   9.86185074E-02
  0.484032631    
  0.138544559    
  0.522239208    
  0.276560068    
  0.147649765    
  0.552466154    
  0.299556255    
  0.642564774    
  0.590035915    
  0.737132549    
  0.989430189    
  0.356882572    
  0.127819300    
  0.262289286    
  0.297998190    
  0.458804846    
  0.133704424    
  0.172092676    
  0.363769531    
  0.877206802    
  0.215305567    
  0.641085148    
  0.720808506    
  0.630773067    
  0.405516863    
  0.524679899    
  0.298873663    
  0.172629356    
  0.384622812    
  0.357189655    
  0.288589954    
  0.332093239    
  0.492296219    
   2.49960423E-02
  0.112191916    
  0.611230850    
  0.960058451    
  0.702427387    
  0.699685335    
  0.614211798    
   5.87220192E-02
  0.941845655    
  0.602466106    
  0.650938749    
  0.328715086    
  0.717716217    
  0.657678366    
  0.602762699    
  0.636022806    
  0.638250828    
   8.37414265E-02
  0.445708275    
   2.23047733E-02
  0.879346371    
  0.176994801    
  0.753798008    
   8.43701363E-02
   9.30333138E-03
  0.362624407    
  0.629347324    
  0.440657616    
  0.135891676    
  0.932361364    
  0.197771072    
  0.941029072    
  0.877346754    
  0.568796396    
  0.763971090    
   6.40616417E-02
  0.687894106    
  0.439780951    
  0.398478270    
  0.226549387    
  0.618232965    
  0.644711018    
  0.662006617    
  0.348818064    
  0.587586880    
  0.574421644    
  0.308069229    
  0.720850945    
  0.345469236    
  0.304792404    
  0.647097588    
  0.770270824    
  0.943982601    
  0.518558979    
  0.424497843    
  0.535669565    
   5.77688217E-04
  0.712860584    
   5.12104034E-02
  0.695872784    
  0.535672665    
   5.06196022E-02
  0.765478134    
  0.391640663    
  0.304816246    
   4.93886471E-02
   7.56568909E-02
  0.568754196    
   5.26401997E-02
  0.726035118    
  0.475765228    
  0.187940359    
  0.717037201    
  0.245063305    
  0.780109882    
  0.309459686    
   9.09767151E-02
   4.61988449E-02
  0.467265844    
  0.339780807    
  0.698726416    
  0.496297359    
  0.270921707    
  0.383920431    
  0.550728083    
   8.98241997E-02
  0.678901196    
  0.294433355    
  0.541765213    
  0.450615883    
  0.502485275    
  0.270291328    
  0.788698912    
  0.666206837    
  0.938716412    
   1.00553036E-02
  0.999933243    
  0.879702091    
  0.154853821    
  0.631759644    
  0.985515833    
  0.566567659    
  0.306232214    
  0.845456362    
  0.588968515    
  0.795282841    
  0.320103407    
  0.978619576    
  0.662836552    
  0.296495914    
  0.209810495    
  0.287713051    
  0.595525026    
  0.992565632    
   5.08329868E-02
  0.350088120    
  0.934752464    
  0.387672186    
  0.606861830    
  0.527434826    
  0.598398447    
  0.286624908    
  0.307061195    
  0.777677298    
  0.424060583    
  0.188062906    
  0.773548603    
   3.50403786E-02
  0.923807144    
  0.428674698    
  0.739649773    
  0.294712782    
  0.239934683    
  0.584838152    
  0.377398968    
  0.944484949    
  0.961317539    
  0.865759611    
  0.821830034    
  0.499591351    
  0.632356882    
   2.51352787E-02
  0.451971054    
  0.279911995    
  0.482787132    
  0.204517365    
  0.325749397    
  0.871515512    
  0.564229965    
   1.64654255E-02
  0.735251427    
  0.373801947    
  0.493303537    
  0.955725908    
  0.888517380    
  0.315498114    
  0.579897404    
  0.337750435    
  0.574754715    
  0.903156281    
  0.348670244    
  0.101517200    
  0.201404810    
   1.06580257E-02
  0.130495071    
  0.234203577    
  0.262377739    
  0.783623219    
  0.356363535    
  0.402779341    
  0.516084671    
  0.839076757    
  0.366832972    
  0.365489244    
  0.778235197    
  0.802453756    
  0.840359211    
  0.920372248    
  0.698675156    
  0.633768797    
  0.754366159    
  0.632571936    
  0.636989117    
  0.878123522    
  0.624894381    
  0.601369381    
  0.219048738    
  0.552321434    
  0.867809296    
  0.273335457    
  0.949166059    
  0.637342453    
  0.815559387    
  0.110180140    
  0.801026106    
  0.848381758    
  0.753147840    
  0.159721136    
  0.436203480    
  0.272294760    
  0.459148407    
  0.907600403    
   4.37574387E-02
  0.434613705    
  0.553383112    
  0.711939096    
  0.561839581    
  0.839376211    
  0.396777868    
  0.649626493    
  0.273967505    
  0.573039770    
   8.17062855E-02
  0.237751722    
  0.897159100    
  0.556382418    
  0.120026112    
  0.279249907    
  0.354175329    
  0.625120640    
  0.405117989    
  0.820228577    
  0.584198713    
  0.628976345    
  0.207760811    
  0.836027861    
  0.120581150    
  0.608657598    
  0.711455822    
  0.438232660    
  0.377577066    
  0.940051317    
  0.444342613    
   6.96456432E-02
  0.535774231    
  0.758012533    
  0.917801619    
  0.493125200    
  0.958946466    
   1.71351433E-02
  0.992787123    
  0.775182962    
  0.500407457    
  0.350636005    
  0.143250704    
  0.617663622    
   7.33511448E-02
  0.814005852    
  0.997170448    
  0.446299314    
  0.955454350    
  0.324679852    
  0.895871639    
  0.914733887    
  0.934421301    
  0.818999052    
  0.919077635    
  0.939349413    
  0.645981550    
   1.24907494E-02
  0.934090614    
  0.263036013    
  0.848661423    
  0.454307079    
  0.541378498    
  0.952350140    
  0.150838852    
  0.148851633    
  0.749562502    
  0.897914410    
  0.250471592    
  0.677033901    
  0.910058498    
  0.356750250    
  0.904582739    
  0.322811365    
  0.494122267    
  0.715829372    
  0.944572687    
  0.436032534    
  0.399641514    
  0.777086020    
  0.485299349    
  0.430135250    
  0.285655975    
   2.19597816E-02
   7.96468258E-02
  0.625242472    
  0.452206612    
  0.238708735    
  0.979088068    
  0.533432722    
  0.404680014    
  0.457681179    
  0.251532078    
  0.500595808    
  0.517255545    
  0.516173601    
  0.331471682    
   4.45785522E-02
  0.233167887    
  0.854591608    
  0.121421337    
  0.729681730    
  0.764148951    
   5.38053513E-02
  0.306804895    
  0.473307133    
  0.876724243    
  0.106146097    
  0.998043060    
  0.111506701    
   9.36329365E-02
  0.689515352    
  0.686072350    
  0.819541454    
   3.69465351E-02
  0.961754084    
  0.202839851    
  0.130534172    
  0.888253212    
  0.875332832    
  0.720398903    
  0.747888327    
  0.760809898    
  0.935286283    
  0.357653856    
   9.12218094E-02
  0.166124821    
   6.35490417E-02
   7.10694790E-02
  0.466573000    
  0.694346905    
  0.889951944    
  0.422609568    
  0.799523115    
  0.586599112    
  0.974410772    
  0.924057245    
  0.630683661    
  0.904254913    
  0.814620495    
  0.330364943    
  0.445673704    
  0.440375090    
  0.387109041    
  0.143263102    
  0.823238850    
  0.176432371    
  0.299003839    
  0.360185623    
  0.643324375    
  0.356401682    
   4.56140041E-02
  0.635389566    
  0.993426085    
  0.512718916    
  0.268068552    
  0.428922653    
  0.906095743    
  0.751608610    
  0.289258480    
  0.569068909    
  0.343907595    
   5.69186211E-02
  0.633205414    
  0.286431551    
   5.64413071E-02
  0.609674215    
  0.798329353    
  0.524969339    
  0.163627386    
   8.86723995E-02
  0.318819284    
  0.399441242    
  0.411856651    
   7.79268742E-02
  0.720065832    
  0.150030851    
  0.568613768    
  0.694954395    
   9.88948345E-02
  0.128059387    
  0.294348717    
  0.119534016    
   9.14120674E-03
  0.636519909    
  0.992367744    
  0.728014708    
  0.745989561    
  0.849924088    
  0.677111864    
  0.219175339    
  0.682573080    
   6.82616234E-03
  0.730378389    
  0.469924212    
   1.89263821E-02
   9.75270271E-02
  0.137223005    
  0.309445858    
  0.857789993    
  0.877801180    
  0.206691027    
  0.859100103    
  0.898887634    
  0.607340574    
  0.576581717    
  0.609681129    
  0.914316177    
  0.914989710    
  0.234502316    
  0.283627510    
  0.929277897    
  0.374582767    
  0.613069057    
  0.853030920    
  0.892800331    
  0.298748493    
   6.94022179E-02
  0.445588350    
   5.32436371E-03
  0.486737251    
  0.595779896    
  0.276399136    
  0.443013191    
  0.723639488    
  0.212311983    
  0.329974890    
  0.888131142    
  0.821521282    
  0.310958862    
  0.288027287    
  0.875890255    
   9.13100243E-02
  0.650059223    
  0.548945427    
  0.129395008    
  0.742136717    
   9.19308662E-02
   8.43939781E-02
  0.411156178    
  0.301894426    
  0.940220594    
  0.290331364    
  0.602463722    
  0.610742569    
  0.750635147    
  0.928781271    
   3.06007862E-02
  0.310231447    
   6.16419315E-02
   1.71020031E-02
  0.434555769    
  0.579367876    
  0.439591169    
  0.212676525    
  0.454507828    
  0.915780306    
  0.522010326    
  0.430345774    
  0.822431326    
  0.606110573    
  0.902773380    
  0.913109303    
  0.630629301    
  0.989806175    
  0.676378489    
  0.893309116    
  0.846959591    
  0.850821495    
  0.757860184    
  0.356215239    
  0.911990404    
  0.825781584    
  0.911656380    
  0.210447550    
  0.995579243    
  0.703431368    
  0.571075678    
   7.10275173E-02
  0.763436317    
   7.63845444E-02
  0.796595097    
  0.377457142    
  0.925379515    
  0.855381012    
  0.392000914    
  0.360164165    
  0.282990694    
  0.225097895    
  0.220974684    
  0.924665689    
  0.857048273    
  0.412821054    
  0.286893368    
  0.818493366    
  0.420274496    
  0.555986643    
  0.470108747    
  0.119882584    
  0.868407249    
  0.322377920    
  0.206066370    
  0.359830141    
  0.667649031    
  0.177483082    
  0.958353043    
   4.15117741E-02
  0.691877365    
  0.386222601    
  0.245205641    
  0.172787428    
   4.20508385E-02
  0.750078201    
  0.564530611    
   6.70876503E-02
  0.542225122    
  0.178795576    
   1.75383091E-02
  0.768114090    
  0.696067333    
  0.805858374    
   6.30929470E-02
  0.404514551    
  0.680063725    
  0.832831144    
  0.393722296    
  0.292185307    
  0.759779930    
  0.621447802    
  0.675060987    
  0.750827789    
  0.163678169    
  0.939187527    
  0.924870253    
  0.296620131    
  0.297643185    
  0.491918325    
  0.671721697    
  0.629608631    
  0.833990097    
  0.873265743    
  0.979975462    
  0.449326277    
  0.829750299    
  0.616591930    
   6.41083717E-02
  0.472785234    
  0.101478100    
  0.545030594    
  0.330979824    
  0.778938532    
  0.623589516    
  0.672477722    
  0.333543301    
  0.865535498    
   5.55698872E-02
  0.964416504    
  0.949973106    
  0.198100328    
  0.472612858    
  0.207552910    
  0.343260050    
  0.173413038    
  0.554257870    
  0.413280725    
   9.98592377E-03
  0.833984137    
  0.774637938    
  0.340769291    
  0.311056137    
  0.920787811    
  0.683866262    
  0.740442276    
  0.616531610    
   4.83162403E-02
   5.17241955E-02
  0.331105232    
  0.885758162    
  0.938468695    
  0.847185850    
  0.655806541    
  0.142010689    
  0.773733377    
  0.139878273    
  0.937430382    
  0.394069433    
  0.126735687    
   4.93028164E-02
  0.633538961    
  0.889759779    
  0.193551302    
   1.81264877E-02
  0.653530598    
  0.892430782    
   8.78748894E-02
  0.916874170    
  0.907184839    
   5.76820374E-02
  0.464169979    
  0.307816267    
  0.468729734    
  0.944406509    
  0.644006491    
  0.819872618    
  0.600814104    
  0.885336399    
  0.849257469    
  0.471770287    
   4.33037281E-02
  0.807362795    
  0.349645853    
  0.500351429    
  0.406572580    
  0.266018152    
  0.970068455    
  0.942537785    
  0.233225584    
  0.826360464    
  0.642423868    
  0.220117569    
  0.516429424    
  0.630605698    
  0.593134642    
  0.815124035    
  0.793159008    
  0.623673201    
   7.61604309E-02
   3.04601192E-02
  0.946887016    
  0.332680702    
  0.366748095    
  0.936918497    
  0.791152239    
  0.896177530    
   5.58288097E-02
  0.318225622    
  0.421517134    
  0.438837290    
  0.541002035    
  0.621725321    
  0.338614464    
   9.34131145E-02
  0.996251583    
   3.84759903E-03
  0.667997837    
   3.96919250E-02
  0.102419376    
  0.362811565    
  0.776142359    
  0.628363132    
  0.901418447    
  0.142804623    
  0.117520809    
  0.174831152    
  0.388455868    
  0.778696060    
  0.545644283    
  0.644890070    
  0.669203043    
  0.296996355    
  0.620981693    
  0.842461824    
  0.258605242    
  0.379646540    
  0.721758842    
  0.604737043    
  0.818779707    
  0.233914137    
  0.398735285    
  0.545946121    
  0.718122721    
  0.488846540    
   4.57656384E-02
  0.185447693    
  0.819398880    
  0.639244318    
  0.781903028    
  0.445121527    
  0.158817768    
  0.251865149    
  0.101090908    
   3.76863480E-02
  0.395498991    
  0.155325174    
  0.550300121    
  0.894190073    
  0.652642250    
  0.960759163    
  0.482623577    
  0.457633972    
  0.455942392    
   2.67422199E-02
  0.458227873    
  0.437012911    
  0.877952337    
  0.748492241    
  0.912706614    
  0.861798286    
  0.245285988    
  0.523344994    
  0.860461712    
  0.782502651    
  0.524545908    
   4.54115868E-02
  0.234213829    
  0.432992458    
  0.307404757    
  0.552387238    
  0.975655317    
  0.841860294    
  0.149338722    
  0.939466476    
  0.616316795    
  0.439882517    
  0.107585192    
  0.185648441    
  0.197283268    
  0.743220329    
  0.305778265    
  0.218009949    
   9.67864990E-02
  0.693562031    
  0.698582888    
   8.60807896E-02
  0.762147427    
  0.413291693    
  0.197450876    
  0.558623552    
  0.788920403    
  0.387379169    
  0.684693813    
  0.650177956    
  0.543558359    
  0.587005377    
  0.803340673    
  0.747252703    
   7.69863129E-02
  0.911465168    
  0.998693466    
   4.42323685E-02
  0.413730145    
  0.564537525    
  0.183207273    
  0.168387651    
   9.49609280E-02
   9.54556465E-03
  0.435615540    
  0.393514872    
  0.806829214    
  0.378897190    
  0.125288010    
  0.718560696    
  0.853154898    
  0.974434614    
  0.325025558    
  0.706183672    
  0.831727028    
  0.836829424    
  0.594239235    
  0.381666899    
  0.677197695    
  0.663148403    
  0.536023140    
  0.944376469    
  0.138368368    
  0.557994127    
  0.207763195    
  0.876263142    
  0.356349945    
  0.175619125    
  0.631783962    
  0.394600153    
   4.67538834E-02
  0.796423197    
  0.487852097    
  0.332468033    
  0.791952133    
  0.342192888    
  0.237370491    
  0.485969782    
  0.694166899    
  0.863400936    
  0.181481123    
  0.154166460    
   7.67827034E-02
  0.490496635    
  0.779193878    
  0.913058281    
  0.771865368    
  0.742926598    
  0.371189833    
  0.590283394    
  0.896300077    
  0.116183281    
  0.693256617    
  0.567427397    
  0.755267143    
  0.778388500    
  0.379199743    
  0.210189819    
  0.661046505    
  0.209459305    
  0.386247158    
  0.657913446    
  0.554969788    
  0.377506018    
  0.747484922    
  0.979260921    
  0.441860199    
  0.345971823    
  0.751910210    
  0.354907274    
  0.928595781    
  0.911119699    
  0.189406633    
  0.358689547    
  0.495619059    
  0.872464418    
  0.513126135    
  0.114192724    
  0.240638733    
  0.417291164    
  0.413158894    
  0.962951899    
  0.336268663    
  0.668985844    
  0.646863937    
  0.843507528    
  0.831848621    
  0.882227659    
  0.600557089    
  0.565806627    
  0.513225555    
  0.782344341    
  0.862492561    
  0.913690329    
  0.395527601    
  0.635770321    
  0.392038584    
  0.993708849    
  0.266940832    
  0.475929499    
  0.949153900    
  0.432534218    
  0.603181601    
  0.674503803    
  0.385723829    
  0.862545967    
  0.810200930    
   4.91595268E-02
  0.225427628    
  0.764650345    
  0.480754375    
   4.17346954E-02
  0.436716795    
  0.902471304    
  0.835822821    
  0.674411535    
  0.837480068    
  0.531144142    
  0.942943096    
   4.54618931E-02
   7.94539452E-02
  0.382574081    
  0.926596403    
  0.307984829    
  0.304528713    
  0.215024710    
  0.920845270    
  0.650023699    
  0.948850870    
  0.337951183    
  0.948451996    
  0.634415627    
  0.623698235    
  0.496585131    
  0.108901501    
  0.309190035    
  0.559117556    
   8.99746418E-02
  0.205448866    
  0.980890512    
  0.829902887    
  0.179454088    
   8.59026909E-02
  0.769617796    
  0.966928482    
  0.168429852    
  0.800930738    
  0.244187355    
   5.80987930E-02
  0.470014811    
  0.542712688    
  0.373340607    
  0.737848997    
   3.14812660E-02
  0.106146812    
   1.24201775E-02
  0.746423483    
  0.140609741    
  0.229807615    
  0.379487514    
   4.75668907E-02
  0.457906485    
   3.62389088E-02
   7.03372955E-02
  0.161383867    
  0.381569624    
   4.32083607E-02
  0.203739882    
  0.256855249    
  0.969833612    
  0.994541407    
  0.259072542    
  0.232789755    
  0.500675440    
  0.852739334    
  0.992804527    
   6.80456161E-02
  0.644439697    
  0.101792574    
  0.831187248    
  0.767687559    
  0.526103497    
  0.223544598    
  0.114875793    
  0.717805862    
  0.163620472    
  0.972419500    
  0.456514359    
  0.637985468    
  0.622797012    
  0.353382349    
  0.300312281    
  0.349301577    
  0.712109566    
  0.426141977    
  0.170618534    
  0.588200331    
  0.883558035    
  0.960282803    
  0.475011349    
  0.517392874    
  0.825695992    
  0.475063562    
  0.397131681    
  0.593847752    
  0.802515745    
  0.882510662    
  0.360703707    
  0.347773314    
   2.66857147E-02
  0.506932735    
   1.88641548E-02
   5.10396957E-02
  0.824957132    
   5.49991131E-02
  0.372699976    
  0.972185135    
  0.517009497    
  0.382332325    
  0.861001015    
  0.847027063    
  0.985386610    
  0.396393776    
  0.192957878    
   4.56650257E-02
  0.493887424    
  0.768020868    
  0.127326488    
  0.976989508    
  0.265496254    
  0.196121454    
  0.216695070    
  0.996645927    
  0.629714489    
  0.611742020    
  0.550304651    
  0.973306656    
  0.368142605    
  0.374961376    
  0.976807356    
  0.201637030    
  0.914356947    
  0.600767612    
  0.101650715    
  0.444379568    
  0.688437462    
  0.570993662    
  0.692811728    
   9.04819965E-02
  0.734751225    
  0.967013597    
  0.599716187    
  0.431626320    
  0.345510244    
  0.994225025    
  0.942392826    
  0.798708439    
  0.892753839    
  0.517269850    
  0.758180618    
  0.742956638    
  0.872351408    
  0.612547159    
   8.31067562E-02
  0.777380943    
  0.443304300    
  0.618923903    
  0.257266521    
  0.880533218    
  0.124547482    
  0.269781351    
  0.216578484    
   3.68447304E-02
  0.252185345    
  0.483011246    
  0.970769644    
  0.729386330    
  0.798294306    
  0.932615042    
  0.463056326    
  0.588651419    
  0.466284513    
  0.845543385    
   4.79211807E-02
  0.412059546    
  0.486240387    
  0.242962122    
  0.467398882    
  0.573215246    
   3.19421291E-02
  0.853908062    
  0.635019064    
  0.768762350    
  0.590608120    
  0.353087187    
  0.339748144    
  0.147655964    
  0.657558680    
  0.588975430    
  0.910831213    
  0.344007492    
  0.735596657    
  0.173384190    
   7.19890594E-02
  0.923237562    
  0.854426861    
  0.354204893    
  0.124701262    
  0.856748581    
  0.374760389    
  0.598069668    
  0.760042191    
   2.95016766E-02
  0.835014582    
   9.20529366E-02
  0.136131525    
  0.963082314    
  0.526345015    
  0.282855272    
  0.950989723    
  0.285873890    
  0.686195374    
  0.888215303    
  0.236646175    
  0.316122055    
   6.43599033E-02
  0.699494123    
  0.399342775    
  0.755335331    
  0.921226263    
   5.31754494E-02
  0.721757889    
  0.587910414    
   1.25353336E-02
  0.682471514    
  0.300951719    
   9.63857174E-02
  0.955872059    
  0.342921734    
  0.486624479    
  0.698174953    
  0.229672670    
  0.109777689    
   3.67031097E-02
  0.869627237    
  0.828780174    
  0.309349775    
  0.245675325    
   6.65104389E-02
  0.844398737    
  0.811676025    
  0.839489222    
  0.299344778    
   9.13107395E-02
  0.660977125    
   4.41598892E-02
  0.198819399    
  0.559070587    
  0.302227020    
  0.532458782    
   3.83956432E-02
  0.318174362    
  0.558706760    
  0.186921358    
  0.587861776    
  0.196581602    
  0.947293043    
  0.156875610    
  0.609581709    
  0.242001057    
  0.315032721    
  0.756071806    
  0.299388409    
  0.824289322    
  0.832525730    
  0.260610104    
   7.69245625E-02
  0.874690533    
  0.924822569    
  0.495990515    
  0.113453865    
  0.823062897    
  0.221876144    
   7.39886761E-02
  0.528187990    
  0.256071568    
  0.798304558    
  0.106305599    
  0.681188583    
  0.737566948    
  0.288662195    
  0.548843145    
  0.409143209    
  0.473227262    
  0.530901670    
  0.868096828    
  0.106838465    
  0.634820938    
  0.439487457    
  0.467834234    
  0.893867970    
  0.242828846    
  0.226998806    
  0.171368122    
  0.185594559    
  0.291193247    
   8.73358250E-02
  0.855206490    
  0.457636833    
  0.502642393    
  0.912724018    
  0.155185461    
  0.202350140    
  0.900058031    
  0.277957201    
  0.627931595    
  0.647563696    
  0.606939554    
  0.835855007    
  0.217358112    
  0.139994860    
  0.894766092    
  0.337195158    
  0.239790201    
  0.154046059    
   5.57794571E-02
  0.487464428    
  0.816843510    
  0.689491749    
  0.288148403    
  0.912241220    
   3.99448872E-02
  0.354446650    
  0.185420752    
  0.369664431    
  0.951786518    
  0.677668333    
  0.573940754    
  0.222287178    
  0.981182098    
  0.729264736    
  0.755596161    
  0.306833982    
  0.962752819    
  0.986919165    
  0.151785374    
   5.99932671E-02
  0.308999777    
  0.363227367    
  0.765724182    
  0.527735949    
  0.658169746    
  0.861272812    
  0.414676189    
  0.463916302    
   4.13491726E-02
  0.958901405    
  0.259065151    
  0.111089706    
   8.80696774E-02
  0.189979315    
  0.983253241    
  0.537503958    
  0.829092503    
  0.558010578    
  0.484840155    
  0.708576679    
   5.15716076E-02
  0.766239643    
  0.190289974    
  0.206673622    
  0.567301750    
  0.643994570    
  0.618507862    
  0.265063047    
  0.916001558    
  0.240013123    
  0.903518677    
  0.442398787    
  0.396432161    
  0.839345694    
  0.883125544    
  0.693052769    
  0.141066551    
  0.906231403    
   3.51476669E-02
  0.727393866    
  0.311952353    
  0.986149549    
  0.217614651    
  0.449796438    
  0.729327440    
  0.809205532    
  0.318487406    
  0.818042517    
  0.843629122    
  0.875587702    
   2.53438950E-03
  0.596368551    
  0.168006420    
  0.685767174    
  0.689466000    
  0.858347654    
  0.251529694    
  0.462465763    
  0.665151834    
  0.207043886    
  0.788028717    
  0.402597904    
  0.464012146    
  0.653221369    
  0.692520618    
  0.197592497    
  0.940359831    
  0.631683826    
  0.710240364    
   1.01408958E-02
  0.441401720    
  0.641060114    
  0.298701048    
  0.271707296    
  0.588069677    
  0.688464880    
   3.06911469E-02
  0.827873945    
   8.02919865E-02
  0.467550039    
  0.116237402    
  0.605443478    
  0.691248894    
  0.822385073    
  0.827214718    
  0.999021769    
  0.560233831    
  0.852200031    
  0.928804636    
  0.420236588    
  0.919014215    
  0.872607470    
  0.913919687    
  0.251470327    
  0.462459326    
  0.555809498    
  0.492605686    
  0.226072550    
  0.601604700    
  0.172938108    
  0.574429035    
  0.432187557    
  0.778633118    
  0.490273952    
   3.72345448E-02
  0.802715540    
  0.244006872    
   2.45511532E-02
  0.634104013    
  0.386197805    
  0.830306292    
  0.960024595    
  0.137105227    
  0.330634356    
  0.974973679    
  0.383742809    
  0.565985680    
  0.523560047    
  0.477175713    
  0.893621683    
  0.100433350    
  0.985725880    
   9.71994400E-02
  0.633219242    
  0.518405199    
  0.836481810    
  0.751424074    
  0.188239574    
  0.745886326    
  0.113910198    
  0.491096973    
  0.869027376    
  0.744910240    
  0.709292412    
   7.95037746E-02
  0.221333981    
  0.962889433    
  0.285969973    
  0.297816992    
  0.412625313    
  0.995803356    
  0.468587875    
  0.559422255    
  0.213061094    
  0.920802832    
  0.935562134    
  0.995708942    
  0.883693457    
  0.236558914    
  0.846079350    
   5.85374832E-02
  0.840615511    
  0.227763176    
   1.95975304E-02
  0.379339933    
  0.568822622    
  0.204259157    
  0.985409260    
  0.776504993    
  0.720252514    
  0.284953356    
  0.213494778    
  0.207207441    
  0.537087917    
  0.839909792    
  0.367064953    
  0.263960123    
  0.381265163    
  0.925545454    
  0.644073009    
  0.936671972    
  0.648568869    
  0.497997522    
  0.847132444    
  0.758247137    
  0.862315178    
  0.932962894    
  0.308148861    
   5.95750809E-02
  0.278744459    
  0.861969709    
  0.128113508    
  0.204531908    
  0.569681644    
  0.641296387    
  0.270912170    
  0.223777056    
   2.45070457E-02
  0.893721581    
  0.779901743    
  0.811221361    
  0.198894501    
  0.823678970    
  0.572648525    
  0.507235050    
  0.102662325    
  0.446697235    
  0.640911341    
  0.797142982    
  0.585407495    
  0.947725773    
  0.429497957    
  0.573062658    
  0.465229511    
  0.115521908    
  0.580368042    
  0.247447014    
  0.845728159    
  0.155216694    
  0.728548288    
  0.711706161    
  0.646189690    
  0.510901213    
  0.720004082    
  0.108873129    
  0.833581686    
   7.73215294E-03
  0.954544783    
   3.69317532E-02
  0.715873003    
  0.680149794    
  0.278126717    
  0.477058649    
  0.927035093    
  0.679642200    
  0.747180700    
  0.868000031    
  0.480103970    
  0.110942125    
  0.606453180    
  0.661963701    
  0.625270367    
  0.919073105    
  0.862384796    
  0.103372812    
  0.389752388    
  0.568693399    
   3.00233364E-02
  0.604022980    
  0.817551136    
  0.585752964    
  0.751495123    
  0.380900145    
  0.789421558    
  0.808959484    
  0.184700727    
  0.268336535    
  0.935314894    
  0.838357449    
  0.273707390    
  0.200619459    
  0.813302040    
  0.167558670    
  0.158756495    
  0.221719503    
  0.439726591    
  0.487152338    
  0.571884632    
  0.667700768    
   4.73995209E-02
  0.646580696    
   8.42845440E-02
  0.571341038    
  0.530195475    
  0.996684313    
  0.275969028    
  0.213060141    
  0.904179573    
  0.549300194    
   9.00046825E-02
  0.710813284    
  0.638946533    
  0.776767731    
  0.135772705    
  0.931957006    
  0.402197361    
  0.731886625    
  0.820927382    
  0.328448296    
  0.233864069    
  0.554246664    
  0.223992109    
  0.637041807    
  0.763661623    
  0.862547159    
  0.832365274    
  0.564175606    
   9.97002125E-02
  0.661823988    
  0.277570724    
  0.134150267    
  0.667069912    
  0.447349310    
  0.603244066    
  0.724692822    
  0.915363550    
  0.518309832    
  0.236803293    
  0.953678846    
  0.482804298    
  0.493521690    
  0.621652126    
  0.109248161    
  0.137651682    
  0.512241364    
  0.241125107    
  0.590344906    
  0.930703402    
  0.334104300    
  0.293085814    
  0.896713734    
   6.82687759E-02
  0.395086288    
  0.219079971    
   8.09535980E-02
  0.587709427    
  0.634823084    
  0.472326994    
  0.400393486    
  0.413800001    
  0.738782406    
  0.718327045    
  0.924113989    
  0.584804296    
  0.807545185    
  0.415054798    
  0.826597929    
  0.632353783    
  0.973739624    
  0.643316269    
  0.219761133    
  0.527370691    
  0.522069216    
  0.420772791    
  0.929520845    
  0.459634304    
   7.69681931E-02
  0.607003927    
  0.915659189    
  0.485988140    
   6.29806519E-03
  0.853467703    
  0.232940912    
   3.87277603E-02
  0.899745226    
   2.07657814E-02
   1.25777721E-02
  0.395696402    
  0.471122980    
  0.165002584    
  0.201044321    
  0.954034328    
  0.456233740    
  0.921095371    
  0.850185633    
   7.05380440E-02
  0.535002947    
  0.797451019    
  0.762182951    
   1.23064518E-02
  0.836679697    
   7.87737370E-02
  0.952717543    
  0.326196194    
  0.382896900    
  0.351013899    
  0.491257906    
  0.575315475    
  0.328210115    
  0.229259491    
  0.167271614    
  0.337126017    
   7.88891315E-02
  0.890855312    
  0.607127666    
  0.996095896    
  0.386983633    
   3.54652405E-02
   6.61361217E-02
  0.551058769    
  0.645474195    
  0.487805843    
  0.555262566    
  0.300362825    
  0.200067043    
  0.527369499    
  0.502691269    
  0.733209372    
   5.07431030E-02
  0.841907740    
  0.945288420    
  0.464058399    
  0.433189392    
  0.616949320    
   6.83972836E-02
  0.553857327    
  0.681797028    
  0.963790417    
  0.429548264    
  0.420220137    
  0.641569376    
  0.858017683    
  0.705247879    
  0.104293585    
  0.863893032    
  0.452654123    
  0.760960817    
  0.471859455    
  0.544017792    
  0.309777021    
  0.425782204    
  0.121797800    
   5.71134090E-02
  0.908955812    
  0.822272301    
  0.930861950    
  0.998341322    
  0.123850107    
  0.549284697    
  0.828877926    
  0.952511787    
  0.867371559    
  0.915116072    
  0.356896400    
  0.358705044    
  0.758577347    
  0.410608292    
   9.63466167E-02
  0.299975395    
  0.687048435    
  0.226992607    
   6.52191639E-02
  0.138574123    
   1.62084103E-02
  0.415596485    
  0.933165550    
  0.714192629    
  0.436512709    
  0.470569134    
  0.858032942    
  0.962602377    
  0.461380959    
  0.433702707    
  0.244942188    
  0.746028662    
  0.506783485    
  0.512132883    
  0.418261766    
  0.729495287    
  0.628294945    
  0.755927563    
  0.877518415    
  0.455748320    
  0.765572309    
  0.977286339    
  0.255307436    
  0.954481363    
  0.968335152    
  0.809355497    
  0.840667725    
  0.106414080    
  0.503996849    
  0.677652121    
  0.301833391    
  0.916468859    
   9.53400135E-02
  0.381478071    
  0.504285812    
  0.533843756    
  0.315536261    
  0.218443155    
  0.374347210    
  0.657387257    
  0.708769798    
  0.294803381    
  0.762570620    
  0.524596930    
  0.904042482    
  0.244951010    
  0.892890453    
  0.813378096    
  0.446003914    
  0.987987518    
  0.106705189    
  0.397426367    
  0.548150778    
  0.773930550    
  0.452803850    
  0.277764797    
  0.393770456    
  0.103529215    
   1.92010403E-02
  0.713989019    
   1.69372559E-02
  0.664795876    
  0.224606276    
  0.960461140    
  0.472338676    
  0.596420527    
   4.07795906E-02
  0.385287523    
  0.528181314    
  0.145109415    
  0.855544329    
  0.134047508    
  0.939618111    
  0.163674831    
  0.885318518    
  0.550274372    
  0.465187550    
  0.408785105    
  0.455023050    
  0.575642347    
  0.821515322    
  0.208143950    
  0.276104450    
  0.488772631    
  0.804527044    
  0.686861515    
   8.21146965E-02
  0.104271650    
  0.496351004    
  0.175047398    
   2.38199234E-02
  0.344364166    
  0.729014397    
  0.548468828    
  0.116515398    
  0.276964188    
  0.939302683    
  0.861176729    
  0.797709227    
   9.91969109E-02
  0.203757048    
  0.548395395    
  0.883979559    
   4.83984947E-02
  0.435136795    
  0.345150709    
  0.949325323    
  0.311738014    
  0.382372618    
  0.538459539    
  0.889506578    
  0.937681198    
  0.610463142    
   5.77955246E-02
  0.371792793    
  0.722911596    
  0.976777554    
  0.703511953    
  0.928755045    
  0.588825703    
  0.396704197    
  0.408020020    
  0.593105316    
  0.322305441    
  0.990177393    
  0.912139893    
  0.336003304    
  0.210287571    
  0.305883169    
  0.980242252    
  0.934391499    
  0.321539402    
  0.114187717    
  0.153859854    
  0.926296234    
  0.261346340    
  0.450289249    
   1.31402016E-02
  0.849527836    
   1.61592960E-02
  0.591526747    
  0.793300629    
   7.39741325E-03
  0.329521894    
  0.277073145    
  0.769467831    
  0.446782827    
   7.98830986E-02
  0.597946644    
  0.691157103    
  0.278281450    
   7.93030262E-02
  0.846979380    
  0.182456017    
  0.540094852    
  0.376137972    
  0.752680540    
  0.304699659    
   8.82177353E-02
  0.679015160    
  0.209091902    
  0.209332228    
  0.247848272    
  0.588059187    
  0.512786388    
  0.401960611    
  0.755206585    
  0.760780573    
  0.441371918    
  0.139381886    
  0.594943285    
  0.214949369    
  0.655963182    
  0.775779486    
  0.527888298    
  0.220930099    
  0.173075914    
  0.888639450    
  0.366914749    
  0.738774300    
  0.582382917    
  0.112733841    
  0.720357656    
   5.47537804E-02
  0.248140812    
  0.505531311    
  0.467370272    
   9.36076641E-02
  0.264746904    
  0.604158640    
   9.62846279E-02
  0.259686470    
  0.552710772    
  0.411961079    
  0.831033707    
  0.184609890    
  0.742202520    
  0.198164701    
  0.556134701    
  0.956632376    
  0.122091293    
  0.990927219    
  0.514441252    
  0.217831850    
  0.101877689    
  0.259711027    
  0.965543985    
  0.898747683    
  0.256174088    
  0.520418882    
  0.681208611    
   7.62844086E-02
  0.112595320    
  0.391582489    
  0.328202724    
  0.106495142    
  0.865526915    
  0.912042141    
  0.692919731    
  0.903969288    
   1.33309364E-02
   5.42459488E-02
  0.715034723    
  0.592043161    
  0.473370314    
  0.937471151    
   8.02619457E-02
  0.965386868    
  0.257136822    
  0.701155424    
  0.322834253    
  0.878130913    
  0.748942375    
  0.475311518    
  0.563405514    
  0.156912327    
  0.228522301    
  0.776438713    
  0.606333256    
  0.643104792    
  0.663592100    
  0.992580891    
  0.308954239    
  0.597878933    
  0.553883791    
  0.127673149    
  0.803118944    
   2.03590393E-02
  0.176885843    
  0.923851967    
  0.181822062    
  0.884078264    
  0.706078291    
   5.94298840E-02
  0.841628790    
  0.257817507    
  0.141992569    
  0.470751286    
  0.917485952    
  0.188592196    
  0.671512365    
  0.108673811    
  0.482322454    
  0.395311356    
  0.999975681    
  0.591792107    
  0.252045870    
  0.137604713    
  0.726418972    
  0.926430941    
  0.526759386    
  0.246907473    
  0.774097443    
  0.258064270    
  0.287933350    
  0.298642159    
  0.280865669    
  0.509477377    
  0.787858963    
  0.548039198    
  0.897315979    
  0.190425158    
  0.478003502    
  0.806487799    
  0.642575502    
  0.766544104    
  0.308868647    
  0.156261683    
  0.293307781    
  0.627324820    
  0.448818445    
  0.295227766    
  0.894764185    
  0.305545330    
  0.300974846    
  0.486123085    
  0.274646044    
  0.976756334    
  0.345893860    
  0.441063643    
  0.959233284    
  0.837575912    
  0.141873598    
  0.472045183    
  0.665612221    
  0.945804834    
  0.142171621    
  0.478816271    
  0.466358900    
   9.41779613E-02
  0.849717140    
  0.196373224    
  0.445587635    
  0.993553400    
  0.653903961    
  0.165375471    
  0.466600657    
  0.161087990    
  0.409023285    
  0.457209110    
  0.317440510    
  0.226336718    
   4.34057713E-02
  0.523834229    
   8.58037472E-02
  0.104009867    
   9.48557854E-02
  0.243760109    
  0.879854679    
  0.720721245    
  0.164064646    
  0.434792042    
  0.553668737    
  0.512250423    
  0.395735025    
  0.119349718    
  0.913843393    
  0.967460394    
  0.109860897    
  0.435439587    
  0.434662104    
  0.367568016    
  0.719577312    
  0.939112902    
  0.671250343    
  0.705253124    
  0.192739248    
  0.372436762    
  0.548400402    
  0.966101885    
  0.274409533    
   1.78241730E-03
  0.960984945    
  0.275947332    
  0.850480080    
   2.15306282E-02
  0.865933418    
  0.746692896    
  0.670238256    
  0.697762251    
  0.293787718    
  0.691169500    
  0.488067389    
  0.949714184    
  0.847640753    
  0.299242258    
  0.365893602    
  0.577127457    
  0.783618212    
  0.273435354    
  0.628376245    
  0.122090816    
  0.982279062    
  0.165185452    
  0.273950815    
  0.293481827    
  0.551913738    
   1.56431198E-02
  0.914446831    
  0.110661983    
  0.897890329    
  0.845558643    
  0.306488752    
  0.157504082    
  0.174875021    
  0.126020670    
   3.13882828E-02
  0.546813250    
  0.291972637    
  0.186424017    
  0.229675293    
  0.152658463    
  0.732244253    
  0.831187725    
  0.772852898    
  0.341043711    
  0.923057079    
  0.823962688    
  0.344182491    
  0.676683426    
   2.18660831E-02
  0.507227421    
  0.973613262    
  0.520108461    
  0.464753628    
  0.115117788    
  0.786429882    
  0.529702425    
  0.710821152    
  0.772746086    
  0.546793699    
  0.964360952    
   1.46121979E-02
  0.590888023    
   5.81362247E-02
   9.56861973E-02
  0.199647903    
  0.485218287    
   6.39955997E-02
  0.575508833    
  0.579338789    
  0.947218657    
  0.907348633    
  0.812477827    
  0.318680763    
   6.95703030E-02
  0.270015478    
  0.151535988    
  0.869042873    
   7.28940964E-03
  0.513639927    
  0.747930288    
  0.467006683    
  0.984523773    
  0.892691612    
  0.468575716    
  0.352258444    
  0.407809019    
   4.79242802E-02
  0.466570139    
  0.646934748    
   3.40311527E-02
  0.965567589    
  0.297024012    
   8.26749802E-02
  0.519659996    
  0.927772045    
   6.82289600E-02
  0.726628304    
  0.445056915    
   7.47795105E-02
  0.821291685    
  0.452308416    
  0.949263334    
  0.272677898    
  0.899467468    
  0.353463411    
  0.663391829    
  0.628173351    
  0.713049650    
  0.226368427    
  0.576522350    
  0.614886999    
  0.409140825    
  0.433696270    
  0.133533955    
  0.305614471    
  0.465022087    
  0.627504826    
  0.476637363    
  0.845477819    
  0.948183060    
  0.116683006    
   9.31813717E-02
  0.102374792    
  0.613499403    
   8.52301121E-02
  0.463605642    
  0.820487976    
  0.941960096    
  0.527103424    
   2.91855335E-02
  0.522733450    
  0.582208395    
  0.178400993    
  0.388987064    
  0.706908464    
   1.28288269E-02
  0.617975712    
  0.318599463    
  0.702694893    
  0.195316315    
  0.682014704    
  0.623502493    
  0.209275246    
  0.291747808    
  0.405708551    
  0.744205713    
  0.867244482    
  0.778415442    
  0.830742121    
  0.282876730    
  0.310110569    
   2.88207531E-02
  0.392009735    
  0.508168697    
  0.794102192    
  0.477345943    
  0.753619671    
   8.58922005E-02
  0.594220877    
   7.35583305E-02
  0.297554016    
  0.992824078    
  0.397629738    
  0.963774204    
  0.153120995    
  0.505542994    
  0.661589384    
  0.335358143    
  0.366422653    
  0.465832472    
  0.248048306    
  0.950854301    
   1.19068623E-02
  0.118774891    
  0.250640869    
  0.523515701    
  0.729757309    
   3.48539352E-02
  0.792163849    
  0.898127317    
  0.826026678    
   3.09250355E-02
  0.757556677    
  0.256020784    
  0.944666862    
   1.66773796E-02
  0.297486067    
  0.850377798    
  0.300543308    
  0.232471943    
  0.158763647    
  0.340828896    
  0.313324451    
   4.45508957E-02
  0.768242359    
  0.852286816    
  0.387256384    
  0.618594885    
  0.726410389    
  0.783341408    
  0.621378660    
  0.514801741    
  0.273735523    
  0.674662590    
   5.71298599E-02
  0.181923866    
  0.597247124    
  0.933289528    
  0.797642469    
  0.979556561    
  0.407785416    
  0.651002169    
  0.396106720    
  0.367414236    
  0.133940697    
  0.142354965    
  0.562930107    
  0.167918921    
  0.216679335    
  0.731253624    
  0.183318377    
   3.52663994E-02
  0.724331141    
  0.836286068    
  0.462134123    
   9.20255184E-02
  0.674258232    
  0.260514975    
  0.478255749    
   4.53197956E-02
  0.692473888    
  0.409492731    
  0.348169565    
  0.686949253    
  0.559255838    
  0.414868116    
  0.689256907    
  0.342296600    
  0.979441881    
  0.482232571    
  0.882834196    
  0.796265841    
  0.840856552    
  0.279451132    
  0.737905979    
  0.987824440    
  0.366168976    
  0.204765797    
  0.499293804    
  0.633185387    
  0.947581053    
  0.996365786    
  0.921644449    
   8.22176933E-02
  0.834658384    
  0.106696129    
  0.244968653    
  0.192037821    
  0.582254171    
  0.948234081    
  0.971979856    
   6.88209534E-02
  0.674405575    
  0.734516382    
   2.00033188E-02
  0.199324131    
   4.43263054E-02
  0.993678331    
  0.755518913    
   7.62557983E-03
  0.163769722    
  0.481013536    
  0.395285606    
  0.567513943    
  0.208232641    
  0.768757343    
  0.507265091    
  0.607181311    
  0.898672104    
  0.982401133    
  0.219247341    
  0.892600060    
  0.932713270    
  0.113637447    
  0.908170700    
  0.628735542    
  0.158365965    
  0.658291340    
  0.904456139    
  0.195800066    
  0.811749697    
   7.93898106E-02
  0.304969311    
  0.620084763    
  0.766777277    
  0.226514339    
   2.68726349E-02
  0.649439096    
  0.123861551    
  0.744849920    
  0.695127964    
   1.83026791E-02
  0.616868019    
  0.702844381    
  0.709044218    
  0.909574986    
  0.230122328    
  0.669197321    
  0.202430487    
  0.249887705    
  0.863353729    
  0.389061213    
  0.953116894    
   3.79104614E-02
  0.164639473    
   9.64059830E-02
  0.295442581    
  0.504473686    
  0.690343857    
  0.610098839    
  0.934569359    
  0.310954094    
  0.208511353    
  0.451962709    
  0.141236544    
  0.764719009    
  0.633813381    
  0.504061699    
  0.768835783    
  0.826407433    
  0.432910681    
  0.931333303    
  0.920787096    
  0.669880390    
  0.682415009    
  0.349820852    
  0.440530300    
  0.996670961    
   5.10392189E-02
  0.817028999    
  0.807219744    
  0.944508791    
  0.359601498    
  0.823798180    
  0.576676607    
  0.204804897    
  0.157068729    
  0.858127594    
  0.552490234    
  0.705353498    
  0.876880169    
  0.725991726    
  0.746472836    
  0.970690012    
  0.390693665    
  0.391170025    
  0.397858858    
  0.816640854    
  0.285459280    
  0.716422319    
  0.910984516    
  0.916965485    
  0.441137552    
  0.201082468    
  0.596109629    
  0.816372871    
  0.781728268    
  0.507008553    
  0.294695377    
  0.946649313    
  0.337765217    
  0.823554993    
  0.489441395    
   4.18627262E-02
  0.589210987    
  0.871881962    
  0.723191261    
  0.678844690    
  0.343552828    
   9.51192379E-02
  0.670785189    
  0.887406826    
  0.649247408    
  0.904437780    
  0.886470556    
  0.912211180    
  0.534635305    
  0.617155075    
  0.527793407    
  0.623896837    
  0.835103035    
  0.577803135    
  0.138294697    
  0.321842432    
  0.208739281    
  0.282438278    
  0.943963051    
  0.188771486    
  0.685180902    
  0.838603020    
  0.401318789    
  0.967010498    
  0.549016953    
  0.329834700    
  0.534233093    
  0.858670473    
  0.676229000    
  0.381099224    
  0.137730122    
  0.831634045    
  0.276063681    
  0.802376509    
  0.545893431    
  0.833288908    
   8.95946026E-02
  0.819248915    
  0.118832588    
  0.221071482    
  0.551556587    
   1.16829872E-02
  0.357961893    
  0.265766621    
  0.742435932    
  0.123214006    
  0.861493111    
  0.115398407    
  0.501652956    
  0.284765244    
   4.97319698E-02
  0.845577240    
  0.619222641    
  0.275980711    
  0.407944679    
  0.326642275    
  0.877428055    
  0.936939716    
  0.147791862    
  0.941645384    
  0.234755993    
  0.546087265    
   9.17587280E-02
  0.189999104    
  0.317118168    
  0.808008194    
  0.196532011    
  0.113988161    
  0.802420855    
  0.288506269    
  0.927854776    
  0.456196547    
  0.295666695    
  0.270921707    
  0.382425547    
  0.427010536    
  0.769207716    
   7.67259598E-02
  0.535890818    
  0.720560551    
  0.465094090    
  0.839324236    
  0.524677753    
  0.262355804    
  0.417309999    
  0.730189323    
  0.295674086    
  0.396660089    
  0.668529749    
  0.982116938    
  0.442227125    
  0.515162230    
  0.334178448    
  0.539364815    
  0.105635405    
  0.415380478    
  0.300744057    
  0.606732845    
  0.360743523    
   1.94401741E-02
  0.731201887    
  0.311288834    
  0.831835985    
  0.668121576    
  0.121286869    
  0.471007347    
  0.221566439    
  0.869030476    
  0.796032190    
  0.914124489    
  0.693468332    
  0.123995781    
  0.998484373    
  0.527374983    
  0.593250036    
  0.756955862    
  0.159926176    
  0.882584333    
  0.594992399    
   4.08034325E-02
  0.786443710    
  0.760588169    
  0.207109213    
  0.885356188    
  0.184335709    
  0.130631685    
  0.529568195    
  0.454111099    
  0.246148348    
   1.89547539E-02
  0.574771166    
  0.180006266    
  0.366387844    
  0.884184599    
  0.491171360    
  0.118914127    
  0.592752218    
  0.390457630    
  0.422872066    
  0.214683294    
  0.182864428    
  0.405268669    
  0.350830317    
  0.407230139    
  0.320670843    
  0.517367125    
  0.392874241    
   4.07660007E-02
  0.155998230    
  0.865602016    
  0.175985098    
  0.782629251    
  0.652293205    
   9.23361778E-02
  0.897553682    
  0.185708523    
  0.203472614    
  0.767415047    
  0.948421001    
  0.113570690    
  0.783897161    
  0.962393045    
  0.942621946    
  0.649540186    
  0.825267315    
  0.270765543    
  0.758541346    
  0.805082083    
   1.76780224E-02
  0.116197109    
  0.926341534    
   2.58338451E-02
  0.192972898    
  0.296617508    
  0.253064156    
  0.252676964    
  0.743806601    
  0.158457279    
  0.191805840    
  0.681740522    
   1.38413906E-02
  0.635899067    
  0.557422638    
  0.605856657    
  0.636275053    
  0.877129793    
  0.922866583    
  0.622288942    
  0.813506603    
  0.606637478    
  0.756697893    
  0.823608875    
  0.397996664    
  0.132150412    
   5.54592609E-02
  0.107046843    
  0.139015198    
  0.431826353    
  0.706004620    
  0.821235657    
  0.511242390    
  0.451003790    
   2.19211578E-02
  0.431654692    
  0.822535276    
  0.353950262    
  0.842386007    
  0.982899189    
  0.588641405    
  0.298635960    
  0.174583435    
  0.226314306    
  0.667583466    
   7.92477131E-02
  0.918231964    
  0.724674940    
  0.612115383    
  0.823632717    
  0.797384024    
  0.637017250    
  0.350656271    
  0.481929064    
  0.783907652    
  0.138063669    
  0.439814568    
  0.966602325    
  0.686128616    
  0.764176607    
  0.516437531    
  0.768537760    
  0.815112829    
  0.603322506    
   4.30839062E-02
  0.113465309    
   1.28602982E-02
  0.144776344    
  0.258657217    
  0.252537251    
  0.394346237    
  0.777532101    
  0.985293388    
  0.829437256    
  0.354704857    
  0.526081800    
  0.857724428    
  0.775582314    
  0.213835716    
  0.939154148    
  0.366208315    
  0.866226912    
  0.678534269    
  0.128201246    
  0.680780888    
  0.884970188    
  0.695195436    
  0.152046204    
  0.443933964    
  0.201028347    
  0.684454918    
  0.637120962    
   9.57722664E-02
  0.646391392    
  0.903045416    
  0.485829830    
  0.345645666    
  0.267010450    
  0.647607327    
  0.339879036    
  0.349714518    
  0.655781746    
  0.724849463    
  0.546549797    
  0.864994764    
  0.968098640    
  0.834780931    
  0.164186001    
  0.477169275    
  0.786400318    
   3.27358246E-02
  0.192811728    
  0.590392113    
  0.722066641    
  0.777552366    
  0.325239658    
  0.304803133    
  0.827479601    
  0.453212023    
  0.135448694    
  0.486799717    
  0.643785715    
  0.106996059    
  0.284892321    
  0.186855078    
  0.474772215    
  0.497738361    
  0.491554499    
  0.559163094    
  0.854775190    
  0.209644079    
  0.488580704    
  0.579444647    
  0.726661205    
  0.996549845    
   1.65588856E-02
  0.305925608    
  0.692504406    
  0.925415039    
  0.450701714    
  0.945393801    
  0.234602451    
  0.963925600    
  0.697778702    
  0.570441961    
  0.420442581    
  0.380601645    
  0.773227453    
  0.636715889    
  0.287519693    
  0.346032143    
  0.766004086    
  0.232268095    
  0.732613802    
   4.33135033E-02
  0.971426964    
  0.776298761    
  0.254720449    
   8.92879963E-02
  0.665616035    
   1.14915371E-02
  0.138827324    
  0.274285316    
  0.916916132    
  0.609601498    
  0.574167967    
   4.18369770E-02
  0.157156229    
  0.328287601    
  0.531379461    
  0.898311853    
  0.928211451    
  0.453238010    
  0.572746992    
  0.160712242    
   9.11631584E-02
  0.183117390    
  0.654282808    
  0.531391144    
   9.27031040E-02
   6.37934208E-02
  0.178230762    
  0.524723768    
   3.33549976E-02
  0.599433184    
  0.677294731    
  0.296120167    
  0.895519257    
  0.994852543    
  0.488394022    
  0.442080021    
   4.19905186E-02
  0.735436201    
  0.479524612    
  0.370696783    
  0.304522038    
  0.103068352    
  0.272785902    
  0.715889692    
  0.958713770    
  0.102620125    
  0.737291574    
  0.661180496    
  0.463923216    
  0.161499739    
  0.327024937    
  0.311971664    
  0.307914972    
  0.130698442    
  0.651407719    
  0.212201357    
  0.468637228    
  0.387514830    
  0.963349104    
   8.73374939E-03
  0.788720846    
   3.15651894E-02
  0.517280340    
  0.933311224    
  0.164041758    
   5.26461601E-02
  0.826549292    
  0.815578222    
  0.427093506    
  0.160681486    
  0.574693441    
  0.872939825    
  0.503465652    
  0.750535250    
  0.249938965    
  0.728128433    
  0.656962156    
  0.563192844    
  0.584237337    
  0.280537367    
  0.991699219    
  0.490311146    
  0.661364079    
  0.546706676    
  0.501635790    
  0.996621609    
  0.222985744    
  0.724430084    
  0.497315645    
  0.384600878    
  0.987581491    
  0.285007000    
  0.115147114    
  0.281166077    
  0.559442043    
  0.545658350    
  0.882185459    
  0.894939423    
  0.250365496    
  0.892981768    
  0.345100164    
  0.101134777    
  0.772410154    
  0.899974346    
  0.871762037    
  0.707384825    
   1.69036388E-02
  0.103136301    
  0.415240288    
  0.944513798    
  0.445621014    
  0.555627584    
  0.434772730    
  0.228404760    
  0.801775217    
  0.438544512    
  0.619867086    
  0.107456446    
   2.36766338E-02
  0.935611010    
  0.817806482    
  0.876035452    
  0.530812740    
  0.373236895    
  0.994689703    
  0.751465797    
  0.888339758    
  0.327186823    
   3.24018002E-02
  0.579998016    
   2.94828415E-02
  0.519963980    
   3.83913517E-02
  0.243886471    
   2.02178955E-03
  0.981203079    
   8.08095932E-02
  0.169964075    
  0.586696386    
  0.609378338    
  0.825689316    
  0.360517025    
  0.210064411    
  0.554352283    
  0.999184847    
  0.301223993    
  0.674052477    
  0.802770376    
  0.162689447    
  0.324736834    
  0.853639126    
  0.114633560    
  0.646935463    
   4.61933613E-02
  0.375290394    
  0.507694483    
  0.824980021    
  0.439946890    
  0.190347672    
  0.175562620    
  0.682398319    
   7.16717243E-02
  0.587539911    
  0.783520222    
  0.625350475    
  0.269411325    
  0.997737646    
  0.978848457    
  0.507564068    
  0.629534721    
  0.591154814    
  0.540970802    
   9.92054939E-02
  0.349726677    
  0.859682083    
  0.678843975    
  0.332009077    
   7.68816471E-02
  0.152934790    
  0.378462315    
  0.817572355    
  0.939637899    
  0.495661497    
  0.586753845    
  0.572436571    
  0.945133686    
  0.862229109    
  0.484747887    
  0.161217451    
  0.583940029    
  0.282382965    
   1.40573978E-02
  0.263397694    
  0.927613735    
  0.405878067    
  0.596471310    
  0.893368721    
  0.848852158    
  0.660770655    
  0.573180914    
  0.452853441    
  0.109887838    
  0.886019230    
  0.328201056    
   7.71775246E-02
  0.124972582    
  0.414505005    
  0.589525461    
  0.157897949    
  0.792218924    
  0.825113773    
  0.687805414    
  0.947706938    
  0.113782167    
  0.338688850    
  0.346532345    
  0.169200182    
  0.750010729    
  0.433870554    
   6.59101009E-02
  0.752538204    
  0.911536694    
  0.200283766    
  0.172383785    
  0.254451990    
  0.577941895    
  0.469934464    
  0.191223860    
  0.901932955    
  0.788391113    
  0.492100000    
  0.728521585    
  0.264288187    
  0.893917084    
   6.58421516E-02
  0.609262228    
  0.871444702    
  0.374817610    
  0.561112404    
  0.616410971    
   2.00030804E-02
  0.192397833    
  0.633383751    
  0.282968283    
  0.850152016    
  0.508620501    
  0.384889841    
  0.846528053    
  0.600011110    
  0.390194654    
   5.01966476E-03
  0.369418859    
  0.823775768    
  0.202850103    
  0.302354097    
  0.668854237    
  0.434576273    
  0.925395250    
  0.119818449    
  0.790786505    
  0.752790689    
  0.153648138    
  0.364515543    
  0.413962364    
  0.468158245    
  0.338101864    
  0.479781628    
  0.690461397    
  0.586687565    
  0.460654020    
  0.213101149    
  0.592579365    
  0.481607437    
  0.378539562    
  0.117767096    
  0.312381983    
  0.207837820    
  0.133170128    
  0.193588018    
  0.634758234    
  0.384320736    
  0.280161381    
  0.673119068    
  0.114742756    
  0.482516527    
  0.655948877    
  0.536347389    
  0.392335653    
  0.987308025    
  0.689589977    
  0.940545321    
  0.748527527    
  0.502830505    
   7.40997791E-02
  0.397790194    
  0.660592318    
  0.575697184    
  0.743070126    
  0.782697678    
  0.802792788    
  0.541806698    
  0.146732330    
  0.131051540    
  0.585674047    
  0.424682856    
  0.648138285    
  0.263544559    
  0.393444300    
  0.622174978    
  0.898519278    
  0.414483309    
  0.224041939    
  0.474729300    
  0.779277802    
  0.322602987    
  0.990585566    
  0.772664785    
  0.177249670    
   3.52759361E-02
  0.883676052    
  0.945652723    
  0.586494207    
  0.208711386    
  0.815212011    
  0.269548655    
  0.306641817    
  0.730955362    
  0.167296648    
  0.756854296    
  0.450467110    
   4.28462029E-03
   1.37026310E-02
  0.303038359    
  0.168146372    
   3.82328033E-02
  0.580901623    
  0.217303753    
  0.225483656    
  0.704221725    
  0.855296612    
  0.971874952    
  0.302354574    
  0.674857140    
  0.324059725    
  0.474677324    
  0.904469728    
  0.423257828    
  0.694486618    
  0.236868620    
   5.37533760E-02
  0.434305668    
  0.377609491    
  0.484195232    
  0.872138977    
   4.08818722E-02
  0.103496313    
  0.465728045    
  0.493149519    
  0.364156961    
  0.386116266    
  0.458343744    
  0.385763168    
  0.524124384    
  0.962508202    
  0.878255367    
  0.838379383    
  0.644763231    
  0.538693190    
  0.817232609    
  0.228963137    
  0.186249495    
  0.295702457    
  0.872025967    
  0.142243862    
  0.693781853    
  0.392590046    
  0.264395475    
  0.696196795    
  0.982309103    
  0.669673204    
  0.199774504    
  0.612550497    
  0.139417410    
  0.191766739    
   2.35974789E-02
  0.606623173    
  0.517539740    
  0.291878939    
  0.610561132    
  0.701419115    
  0.754218578    
  0.152230978    
  0.549633026    
  0.683808088    
  0.766435146    
  0.475721598    
  0.454758406    
  0.125506163    
  0.382874727    
  0.977101088    
  0.141891718    
  0.775442123    
  0.859507322    
  0.741724968    
  0.173185587    
  0.733541727    
  0.638175964    
  0.825770140    
  0.719331264    
  0.800841808    
  0.750391722    
  0.835089445    
  0.348983526    
  0.367982864    
  0.689037561    
  0.654832125    
  0.766718149    
  0.234232426    
  0.745327234    
  0.717453957    
  0.249585390    
  0.785120249    
  0.516771078    
  0.372546911    
  0.396010399    
  0.749437571    
  0.800846577    
  0.831676245    
  0.986557007    
   6.58597946E-02
  0.908252954    
   9.56535339E-03
  0.764941454    
  0.372102261    
  0.923181772    
  0.917798281    
  0.437871218    
  0.302162170    
  0.443560362    
  0.922855854    
  0.438486814    
  0.648551941    
  0.215645552    
  0.358349562    
  0.785038233    
  0.141505718    
  0.289338589    
  0.917583704    
  0.830955744    
  0.876354218    
  0.885536432    
  0.212506533    
  0.600082397    
  0.585226536    
  0.904504776    
   1.28808022E-02
  0.488369703    
   3.06322575E-02
  0.837392092    
   5.24377823E-02
  0.324789047    
  0.731491566    
  0.182178259    
  0.873504877    
  0.996890783    
  0.745241880    
  0.283788204    
  0.631402254    
  0.979779243    
  0.151004791    
  0.938928604    
  0.576422215    
  0.928461075    
  0.646551847    
  0.598869562    
  0.203106880    
  0.621296883    
  0.139552116    
  0.453603029    
  0.707446575    
   5.59482574E-02
  0.322965860    
   8.90254974E-02
  0.253328323    
  0.689594507    
   1.51228905E-02
  0.172110558    
  0.665945768    
  0.551206827    
  0.136795521    
  0.122678757    
  0.863845110    
  0.644957304    
  0.798148870    
  0.491398335    
  0.933103085    
  0.665341616    
  0.399834633    
   2.33151913E-02
  0.860603333    
  0.161280632    
  0.646025419    
  0.749460697    
  0.189911127    
  0.838200569    
  0.638334036    
  0.481218100    
  0.833159208    
  0.908636093    
  0.446902752    
   9.49070454E-02
  0.106108665    
  0.371041298    
   9.31472778E-02
  0.528850555    
  0.392846346    
  0.571614265    
  0.123288155    
  0.104562998    
  0.393826962    
   5.05826473E-02
  0.143868685    
   2.81739235E-03
  0.352100849    
  0.762660503    
   3.78255844E-02
  0.735379934    
  0.533997297    
  0.895897865    
  0.358731747    
  0.204680443    
   6.45325184E-02
  0.599711657    
  0.357494831    
  0.419580936    
  0.900613308    
  0.608343363    
  0.427435637    
  0.911340952    
  0.910665274    
  0.551582336    
  0.447400331    
  0.461241007    
   8.08691978E-02
  0.171230555    
  0.873622656    
  0.976273537    
  0.230316877    
  0.937035322    
  0.753567219    
  0.207327604    
  0.556737423    
   8.69047642E-02
  0.609694719    
  0.141053915    
  0.696249962    
  0.876291752    
  0.836599350    
  0.728912830    
  0.841169834    
  0.542645454    
  0.242743254    
  0.788973808    
  0.286636829    
  0.508089304    
  0.457303524    
  0.902366400    
   7.53514767E-02
  0.432808876    
  0.220700264    
  0.311819315    
  0.747792244    
  0.147130013    
  0.816437960    
  0.874297142    
  0.313771009    
  0.553279161    
  0.963716030    
  0.176875353    
  0.744925499    
  0.964909554    
  0.235202312    
   4.67622280E-02
  0.934848309    
  0.996711016    
  0.723801613    
  0.936835527    
  0.396321058    
  0.968498945    
  0.564096689    
  0.774414062    
  0.578930855    
   9.47315693E-02
  0.155411005    
  0.994155645    
  0.774573326    
  0.256112814    
  0.488997221    
  0.579184771    
  0.362082958    
  0.529009342    
   6.28983974E-02
  0.134954929    
  0.190613508    
  0.642220259    
  0.797309637    
  0.385549545    
  0.932181120    
  0.168488741    
  0.793212652    
  0.525732517    
  0.990083933    
  0.344291210    
  0.502442360    
  0.551697493    
  0.383605003    
  0.252338648    
   5.95536232E-02
  0.920617819    
  0.824322224    
  0.384175062    
  0.833145142    
  0.673664808    
  0.287889242    
  0.556318760    
   5.31978607E-02
  0.100272417    
  0.281496286    
  0.108337879    
  0.837451935    
   5.56218624E-02
  0.838473320    
  0.221690655    
  0.956088305    
  0.977996349    
  0.185394287    
  0.924148321    
  0.163196564    
  0.844702482    
  0.915180922    
  0.447297335    
  0.729500294    
  0.714486837    
  0.381588459    
  0.358931780    
  0.569651365    
  0.131158113    
  0.374805450    
  0.357665777    
  0.291608095    
   5.96525669E-02
  0.582218647    
  0.349047184    
  0.438919783    
  0.925353527    
  0.420305490    
   7.48202801E-02
  0.504698038    
  0.463506937    
  0.161602736    
   6.08475208E-02
  0.667405605    
   8.85729790E-02
  0.646324158    
  0.774115086    
  0.554503679    
  0.544734955    
  0.361430883    
  0.571912527    
  0.134128809    
  0.304959536    
  0.456967592    
  0.256196737    
  0.900388956    
  0.840822935    
  0.714676857    
  0.576500177    
  0.240958691    
  0.796699047    
  0.122612238    
  0.747530937    
  0.752545357    
   3.30176353E-02
  0.929831505    
  0.678194761    
  0.421799898    
  0.191000938    
  0.154424667    
  0.417756796    
  0.240068197    
  0.827202559    
  0.795230865    
  0.447768450    
  0.645215511    
  0.138019323    
  0.694141626    
  0.440761328    
  0.877845764    
  0.955557346    
   5.23586273E-02
  0.994141817    
  0.545213699    
  0.409693480    
  0.719424963    
  0.378418684    
   8.54232311E-02
  0.711094856    
  0.373375654    
  0.325562477    
  0.730144024    
  0.532211781    
  0.885426760    
  0.369349718    
  0.661747932    
  0.998217583    
   4.65359688E-02
  0.131866693    
  0.286234379    
  0.741245985    
  0.123381376    
  0.673084974    
  0.539637566    
  0.691230297    
  0.510058165    
  0.548703194    
   5.74288368E-02
  0.209419250    
  0.710056782    
  0.924555779    
   1.07374191E-02
  0.464758158    
  0.190939665    
  0.124521494    
  0.834063768    
  0.113299131    
  0.221742153    
  0.823390961    
  0.732602835    
  0.855989218    
  0.614467859    
  0.362911940    
  0.463812828    
  0.305460453    
  0.877491236    
  0.998602390    
  0.511829138    
  0.314811707    
   4.24516201E-02
  0.487376690    
  0.343302488    
  0.886277914    
  0.673690796    
  0.724052906    
  0.157252073    
  0.937803984    
  0.672124624    
  0.399637222    
  0.703792095    
  0.633913517    
  0.186292887    
   2.71704197E-02
  0.656781435    
  0.526866913    
   5.24115562E-02
  0.884133101    
  0.627867937    
  0.580117464    
   3.64768505E-02
   7.03554153E-02
  0.467215061    
  0.483716965    
  0.832383633    
  0.874944925    
  0.202191591    
  0.237957716    
  0.357009172    
  0.255613565    
   9.84406471E-02
  0.494970083    
  0.963421345    
  0.226375818    
  0.700875521    
  0.618802786    
  0.222105265    
  0.925642252    
  0.272169113    
  0.348126173    
  0.956928968    
  0.108991146    
  0.817229748    
  0.180901527    
  0.412692308    
  0.123418808    
  0.301565886    
  0.418638945    
   6.54184818E-02
  0.491601944    
  0.356169224    
  0.136968613    
   3.32350731E-02
  0.583415270    
  0.463833570    
  0.654360056    
  0.832086802    
  0.883865833    
  0.134710312    
   7.82556534E-02
  0.242978096    
  0.736367702    
  0.132380486    
  0.920050144    
  0.282991886    
  0.246667385    
  0.739118814    
  0.372933626    
  0.896811962    
  0.719327450    
  0.738410950    
  0.473455667    
  0.371434212    
  0.696881056    
  0.483730078    
   5.16080856E-02
  0.379928589    
  0.462871790    
  0.486803055    
  0.700096369    
  0.521381855    
  0.865185499    
  0.174554348    
  0.735045433    
  0.909084082    
  0.977568150    
  0.990800858    
  0.392415285    
  0.325030327    
  0.786028385    
  0.780241489    
  0.522326469    
  0.742885113    
  0.673022985    
  0.498816490    
  0.612323046    
  0.313864708    
  0.126308918    
  0.875292778    
   4.61885929E-02
  0.293591022    
  0.384724140    
   6.10215664E-02
  0.591219902    
  0.633156300    
  0.460616589    
  0.583649635    
  0.402892351    
  0.412359238    
  0.524379492    
  0.247163773    
   8.19032192E-02
  0.550489664    
   8.05866718E-02
  0.421555758    
   8.92164707E-02
  0.462734461    
  0.179605007    
  0.623227358    
  0.583609343    
  0.723594666    
  0.458499670    
   4.83417511E-03
  0.250313282    
   1.67648792E-02
  0.768953085    
  0.796077728    
  0.679590464    
  0.878375530    
  0.858138323    
  0.733287096    
  0.359797239    
  0.115428209    
   2.68936157E-03
  0.202424288    
  0.146853447    
  0.168372869    
  0.844994545    
  0.824130058    
  0.157230139    
  0.566951275    
  0.754033327    
   4.14450169E-02
  0.567290783    
  0.458368778    
  0.805248737    
  0.818031073    
  0.652172565    
   6.66761398E-02
  0.629537582    
  0.638191223    
   8.30776691E-02
  0.287191868    
  0.837019682    
  0.790778875    
  0.623553753    
   7.01525211E-02
   5.38301468E-02
  0.724334002    
  0.882766962    
  0.665057898    
  0.632034063    
  0.597391844    
  0.365138054    
  0.876863241    
  0.443295479    
  0.470027208    
  0.750847101    
  0.489278555    
  0.305787563    
  0.373089552    
  0.518058538    
   1.30212307E-02
  0.850947142    
  0.868890047    
  0.438424587    
  0.602362156    
  0.901815653    
  0.816905260    
  0.728653431    
  0.481044769    
  0.920106411    
  0.228511095    
  0.589928389    
  0.929303885    
  0.812671423    
  0.572298050    
  0.616546154    
  0.292584896    
  0.477629900    
  0.528816223    
  0.815025568    
  0.136715651    
  0.782350302    
  0.965323210    
  0.188688755    
  0.293855906    
  0.839853525    
  0.420770884    
  0.898458004    
  0.386153221    
   7.94444084E-02
  0.224630356    
  0.362493992    
  0.436977625    
  0.286216259    
  0.439406395    
  0.105506182    
  0.242623806    
  0.779999733    
  0.457185030    
  0.911118984    
  0.178989649    
  0.281893492    
  0.784935236    
  0.409138918    
  0.399933100    
  0.679515839    
  0.624254465    
  0.848352909    
  0.269642591    
  0.886707544    
  0.895003557    
  0.325794697    
  0.631988287    
  0.828028440    
  0.674412489    
  0.851270199    
  0.300726891    
  0.319520712    
  0.186994314    
  0.815326214    
  0.188660622    
  0.819210291    
  0.467616081    
  0.224795818    
  0.143907309    
  0.651505947    
  0.861671209    
  0.109790564    
  0.254009962    
  0.147852898    
  0.966156244    
  0.188912868    
   6.07893467E-02
  0.687278032    
   8.52124691E-02
  0.169404507    
  0.183493853    
  0.982293606    
  0.409994364    
  0.775964022    
  0.627960205    
  0.128040314    
  0.974829197    
  0.957795143    
  0.666257143    
  0.786233902    
  0.237133265    
  0.500273705    
  0.102488041    
  0.518993378    
  0.722047091    
  0.447005749    
  0.826757431    
  0.314020157    
  0.739157915    
   2.89399624E-02
  0.394214153    
  0.557433844    
  0.792468786    
   2.32956409E-02
  0.530432224    
  0.976612329    
  0.924297810    
  0.676345348    
  0.338466406    
  0.607007027    
  0.967109680    
  0.215407372    
  0.355686188    
   1.94349289E-02
  0.644759655    
  0.476418734    
  0.171052217    
  0.877414465    
  0.707149744    
   6.67943954E-02
  0.613780260    
  0.808232546    
  0.967229605    
  0.231088877    
  0.913022518    
  0.170166254    
  0.986236572    
  0.678414106    
  0.109491110    
  0.218320608    
  0.314979076    
  0.856117487    
  0.769129992    
  0.768290043    
  0.653855801    
  0.355980158    
  0.960088730    
  0.214272022    
  0.271029949    
  0.202283382    
  0.777349710    
  0.919172525    
  0.533252001    
  0.368839025    
   8.11984539E-02
  0.702657938    
  0.573072910    
  0.638630629    
  0.466756105    
  0.771886587    
   9.97700691E-02
  0.836640358    
  0.414948940    
   4.90651131E-02
  0.638373137    
  0.137357235    
  0.566703796    
  0.592032909    
  0.298012733    
  0.701790094    
  0.987412930    
  0.450530767    
   7.44154453E-02
  0.701626539    
  0.241163492    
  0.235284805    
  0.433673143    
  0.746285200    
  0.815857172    
  0.113679886    
  0.618977308    
  0.153730154    
  0.744938374    
  0.180572987    
  0.890492439    
  0.507020712    
  0.497883558    
  0.930705070    
  0.363140106    
  0.298280001    
  0.192459106    
  0.660258293    
  0.961537123    
  0.557661295    
  0.616479635    
  0.175809145    
  0.824488640    
  0.182970762    
  0.193100929    
  0.448540449    
  0.620216608    
  0.980857134    
  0.266779900    
  0.772521496    
